2 
0 
0 
20 
110 
1933 
23154 
2569 
1108 
3098 
6605 
23432 
20224 
12495 
10176 
11393 
12267 
10997 
12868 
13179 
11358 
10770 
10250 
8743 
9698 
7215 
9684 
16398 
8385 
2016 
0 
0 
0 
0 
0 
0 
0 
0 
8 
1178 
578 
799 
941 
1509 
3352 
4303 
3906 
3990 
5084 
4479 
4076 
4695 
3962 
4197 
3454 
6933 
3132 
1590 
935 
76 
0 
0 
0 
474 
744 
1632 
1202 
897 
48 
0 
0 
0 
267 
869 
715 
389 
406 
864 
876 
1159 
1884 
1022 
365 
317 
657 
1103 
55 
0 
0 
0 
0 
0 
0 
0 
0 
0 
0 
0 
0 
71 
42 
14 
